# Nacc, Ndble, Tau, delT(iChan), ... V(iChan)
47, 1, 1.372,   1.372, 0, 0,   0.171, 0, 0
240, 2, 4.826,   0, 4.826, 0,   0, 0.218, 0
321, 3, 0.7247,   0.7267, 0.7227, 0,   0.093, 0.107, 0
467, 4, 5.368,   0, 5.368, 5.368,   0, 0.141, 0.078
699, 5, 0.96,   0.96, 0, 0,   0.113, 0, 0
1557, 6, 1.126,   0, 1.126, 0,   0, 0.099, 0
2247, 7, 0.208,   0, 0.208, 0,   0, 0.358, 0
2282, 8, 5.148,   0, 5.148, 5.148,   0, 0.0865, 0.142
2373, 9, 0.242,   0, 0.242, 0,   0, 0.358, 0
2602, 10, 0.874,   0, 0.874, 0,   0, 0.099, 0
2756, 11, 0.24,   0, 0, 0.24,   0, 0, 0.195
3212, 12, 1.216,   0, 1.216, 0,   0, 0.105, 0
4178, 13, 0.3627,   0, 0, 0.3627,   0, 0, 0.0952
4995, 14, 1.843,   0, 0, 1.843,   0, 0, 0.189
5088, 15, 0.912,   0, 0, 0.912,   0, 0, 0.291
5132, 16, 4.574,   0, 4.572, 4.576,   0, 0.0928, 0.131
5449, 17, 4.851,   0, 0, 4.851,   0, 0, 0.112
6230, 18, 1.078,   1.076, 1.08, 0,   0.115, 0.099, 0
6876, 19, 7.429,   7.429, 7.429, 7.429,   0.0945, 0.0834, 0.0937
7166, 20, 0.592,   0, 0, 0.592,   0, 0, 0.109
7759, 21, 0.86,   0.86, 0.86, 0,   0.154, 0.108, 0
7874, 22, 0.772,   0, 0, 0.772,   0, 0, 0.242
8624, 23, 0.196,   0.196, 0.196, 0,   0.109, 0.152, 0
8715, 24, 0.868,   0, 0, 0.868,   0, 0, 0.078
9396, 25, 2.044,   0, 0, 2.044,   0, 0, 0.15
9649, 26, 1.706,   0, 1.704, 1.708,   0, 0.0756, 0.15
9985, 27, 0.452,   0, 0, 0.452,   0, 0, 0.0999
10819, 28, 1.125,   0, 0, 1.125,   0, 0, 0.103
12533, 29, 0.9053,   0.9067, 0.9067, 0.9027,   0.132, 0.213, 0.112
13327, 30, 1.564,   0, 1.564, 1.564,   0, 0.137, 0.178
13558, 31, 4.176,   4.176, 0, 0,   0.138, 0, 0
14067, 32, 2.392,   0, 0, 2.392,   0, 0, 0.0796
14197, 33, 0.7373,   0, 0.7373, 0,   0, 0.0896, 0
14231, 34, 0.3573,   0, 0, 0.3573,   0, 0, 0.158
14539, 35, 2.312,   2.312, 2.312, 0,   0.278, 0.0912, 0
14943, 36, 0.92,   0.92, 0.92, 0,   0.123, 0.105, 0
15410, 37, 1.043,   1.044, 1.04, 1.044,   0.0992, 0.126, 0.0827
15415, 38, 1.78,   1.78, 0, 0,   0.104, 0, 0
15681, 39, 1.576,   0, 0, 1.576,   0, 0, 0.0827
15875, 40, 0.988,   0, 0, 0.988,   0, 0, 0.153
15983, 41, 3.42,   0, 0, 3.42,   0, 0, 0.128
16215, 42, 0.184,   0, 0, 0.184,   0, 0, 0.205
17080, 43, 2.908,   0, 0, 2.908,   0, 0, 0.0827
17418, 44, 2.349,   2.349, 0, 0,   0.0804, 0, 0
17761, 45, 0.886,   0, 0.886, 0,   0, 0.243, 0
17825, 46, 1.396,   1.396, 1.396, 1.396,   0.142, 0.169, 0.119
17881, 47, 2.736,   0, 0, 2.736,   0, 0, 0.131
18477, 48, 1.54,   0, 0, 1.54,   0, 0, 0.18
18861, 49, 0.2547,   0.252, 0.256, 0.256,   0.101, 0.0928, 0.109
18961, 50, 0.4787,   0, 0, 0.4787,   0, 0, 0.136
20262, 51, 1.476,   1.476, 1.476, 0,   0.134, 0.13, 0
21705, 52, 1.017,   0, 1.017, 0,   0, 0.0928, 0
21943, 53, 0.4707,   0, 0.4707, 0.4707,   0, 0.146, 0.103
22019, 54, 0.19,   0, 0.192, 0.188,   0, 0.126, 0.111
22112, 55, 6.304,   6.304, 6.304, 0,   0.0867, 0.108, 0
22132, 56, 11.28,   11.28, 11.28, 11.28,   0.138, 0.099, 0.0937
22141, 57, 0.468,   0.468, 0, 0,   0.106, 0, 0
22142, 58, 4.312,   0, 0, 4.312,   0, 0, 0.0999
22437, 59, 1.888,   1.888, 1.888, 0,   0.154, 0.104, 0
22627, 60, 0.35,   0, 0, 0.35,   0, 0, 0.0796
22834, 61, 4.04,   0, 4.04, 0,   0, 0.0975, 0
23141, 62, 0.384,   0.384, 0, 0,   0.137, 0, 0
23579, 63, 1.92,   0, 1.92, 1.92,   0, 0.113, 0.17
23836, 64, 0.488,   0, 0, 0.488,   0, 0, 0.128
24519, 65, 3.074,   0, 3.074, 0,   0, 0.101, 0
24520, 66, 3.47,   0, 3.47, 0,   0, 0.0818, 0
26157, 67, 1.04,   0, 1.04, 1.04,   0, 0.135, 0.123
26250, 68, 1.665,   0, 1.665, 0,   0, 0.138, 0
26486, 69, 3.112,   3.112, 3.112, 0,   0.0789, 0.0865, 0
26644, 70, 0.408,   0, 0, 0.408,   0, 0, 0.109
27169, 71, 2.683,   0, 2.683, 2.683,   0, 0.127, 0.0984
27421, 72, 0.5707,   0, 0.5707, 0,   0, 0.287, 0
27717, 73, 3.388,   0, 3.388, 3.388,   0, 0.0724, 0.0717
27820, 74, 1.166,   0, 1.168, 1.164,   0, 0.0959, 0.136
27853, 75, 2.213,   0, 2.215, 2.211,   0, 0.0787, 0.101
28076, 76, 9.891,   9.891, 0, 0,   0.126, 0, 0
28152, 77, 2.636,   0, 2.636, 0,   0, 0.16, 0
28549, 78, 0.384,   0, 0.384, 0,   0, 0.122, 0
29775, 79, 1.608,   0, 1.608, 0,   0, 0.143, 0
30381, 80, 1.024,   1.024, 0, 0,   0.116, 0, 0
30411, 81, 3.288,   0, 3.288, 0,   0, 0.0943, 0
30692, 82, 0.452,   0.452, 0, 0.452,   0.116, 0, 0.191
30875, 83, 7.881,   7.884, 7.88, 7.88,   0.113, 0.0771, 0.103
30891, 84, 4.632,   0, 4.632, 0,   0, 0.16, 0
30897, 85, 7.299,   0, 0, 7.299,   0, 0, 0.267
31095, 86, 3.952,   0, 0, 3.952,   0, 0, 0.348
31517, 87, 5.537,   0, 5.537, 0,   0, 0.215, 0
32157, 88, 4.148,   4.148, 4.148, 4.148,   0.134, 0.165, 0.0984
32571, 89, 1.332,   1.332, 1.332, 0,   0.151, 0.191, 0
32952, 90, 0.716,   0, 0, 0.716,   0, 0, 0.225
33731, 91, 1.248,   1.248, 1.248, 1.248,   0.0773, 0.0787, 0.089
34109, 92, 1.272,   0, 0, 1.272,   0, 0, 0.134
34608, 93, 5.312,   0, 5.312, 0,   0, 0.0803, 0
34840, 94, 0.2307,   0.232, 0.228, 0.232,   0.115, 0.113, 0.0858
35237, 95, 0.282,   0.28, 0.284, 0,   0.102, 0.115, 0
35477, 96, 2.982,   0, 2.982, 0,   0, 0.0834, 0
35794, 97, 1.188,   0, 1.188, 1.188,   0, 0.238, 0.0968
36269, 98, 0.732,   0, 0, 0.732,   0, 0, 0.078
37468, 99, 2.624,   2.624, 0, 0,   0.11, 0, 0
37620, 100, 1.303,   1.301, 1.305, 1.301,   0.121, 0.0834, 0.105
37779, 101, 0.842,   0.844, 0.84, 0,   0.242, 0.166, 0
38051, 102, 4.172,   0, 0, 4.172,   0, 0, 0.172
38194, 103, 0.764,   0, 0, 0.764,   0, 0, 0.348
38326, 104, 0.176,   0.176, 0.176, 0.176,   0.132, 0.138, 0.133
38548, 105, 5.64,   0, 0, 5.64,   0, 0, 0.156
39479, 106, 3.344,   3.344, 3.344, 0,   0.0851, 0.0928, 0
40112, 107, 0.664,   0, 0, 0.664,   0, 0, 0.108
40334, 108, 0.968,   0, 0, 0.968,   0, 0, 0.0686
40673, 109, 0.3633,   0, 0.3613, 0.3653,   0, 0.191, 0.163
40707, 110, 0.344,   0.344, 0.344, 0.344,   0.228, 0.198, 0.15
40930, 111, 0.724,   0, 0, 0.724,   0, 0, 0.105
41801, 112, 3.192,   0, 0, 3.192,   0, 0, 0.348
42068, 113, 1.94,   1.94, 1.94, 0,   0.131, 0.11, 0
42331, 114, 1.767,   0, 0, 1.767,   0, 0, 0.134
42625, 115, 0.3093,   0, 0, 0.3093,   0, 0, 0.206
43006, 116, 8.084,   8.084, 8.084, 0,   0.116, 0.0943, 0
43206, 117, 3.396,   0, 3.396, 0,   0, 0.0693, 0
43247, 118, 0.702,   0, 0.7, 0.704,   0, 0.354, 0.108
43713, 119, 1.465,   1.465, 0, 0,   0.116, 0, 0
43761, 120, 2.518,   0, 2.518, 0,   0, 0.358, 0
44213, 121, 1.494,   0, 1.494, 0,   0, 0.34, 0
44277, 122, 7.583,   0, 0, 7.583,   0, 0, 0.153
44359, 123, 1.244,   0, 0, 1.244,   0, 0, 0.0749
44566, 124, 3.966,   0, 0, 3.966,   0, 0, 0.0952
44658, 125, 9.036,   9.036, 0, 0,   0.0757, 0, 0
44880, 126, 7.113,   0, 0, 7.113,   0, 0, 0.178
45401, 127, 1.402,   0, 1.4, 1.404,   0, 0.104, 0.224
45517, 128, 1.735,   0, 0, 1.735,   0, 0, 0.134
45526, 129, 0.298,   0.298, 0, 0,   0.127, 0, 0
45846, 130, 1.069,   1.071, 1.067, 0,   0.0961, 0.0928, 0
45965, 131, 3.818,   3.82, 3.816, 0,   0.0851, 0.0849, 0
46314, 132, 3.324,   0, 3.324, 3.324,   0, 0.105, 0.0655
46543, 133, 6.432,   0, 6.432, 6.432,   0, 0.146, 0.089
46944, 134, 1.453,   1.452, 1.452, 1.456,   0.19, 0.0803, 0.0921
50335, 135, 1.862,   0, 1.862, 0,   0, 0.301, 0
50508, 136, 5.173,   0, 0, 5.173,   0, 0, 0.0968
50550, 137, 2.547,   0, 2.547, 2.547,   0, 0.11, 0.112
50627, 138, 0.2187,   0.2187, 0.2187, 0,   0.168, 0.0912, 0
52349, 139, 0.556,   0, 0, 0.556,   0, 0, 0.214
52718, 140, 3.046,   0, 3.044, 3.048,   0, 0.119, 0.119
52757, 141, 2.65,   2.65, 2.65, 0,   0.112, 0.104, 0
52911, 142, 0.8053,   0, 0, 0.8053,   0, 0, 0.136
54634, 143, 1.208,   0, 0, 1.208,   0, 0, 0.183
54787, 144, 4.871,   0, 0, 4.871,   0, 0, 0.0811
55752, 145, 5.77,   0, 5.77, 0,   0, 0.099, 0
56000, 146, 0.886,   0.888, 0.884, 0,   0.0992, 0.118, 0
56135, 147, 0.832,   0.832, 0.832, 0,   0.207, 0.173, 0
56876, 148, 0.564,   0.564, 0.564, 0,   0.334, 0.188, 0
57662, 149, 0.6,   0, 0, 0.6,   0, 0, 0.089
57724, 150, 0.872,   0.872, 0.872, 0.872,   0.129, 0.166, 0.127
57941, 151, 5.464,   0, 0, 5.464,   0, 0, 0.13
58004, 152, 7.014,   0, 0, 7.014,   0, 0, 0.089
58144, 153, 0.2693,   0.268, 0.268, 0.272,   0.121, 0.11, 0.116
58370, 154, 3.078,   0, 3.078, 0,   0, 0.118, 0
58685, 155, 1.752,   0, 1.752, 0,   0, 0.358, 0
59209, 156, 1.824,   0, 0, 1.824,   0, 0, 0.089
59305, 157, 0.168,   0.168, 0, 0,   0.174, 0, 0
60053, 158, 14.33,   0, 0, 14.33,   0, 0, 0.348
62193, 159, 0.3587,   0, 0.3587, 0.3587,   0, 0.173, 0.117
62572, 160, 5.461,   5.46, 5.464, 5.46,   0.0898, 0.0756, 0.0764
63328, 161, 1.16,   0, 1.16, 1.16,   0, 0.183, 0.0921
63967, 162, 1.576,   1.576, 0, 0,   0.176, 0, 0
64091, 163, 3.34,   0, 3.34, 0,   0, 0.157, 0
64188, 164, 0.384,   0, 0, 0.384,   0, 0, 0.348
65049, 165, 1.628,   1.628, 0, 0,   0.106, 0, 0
65290, 166, 0.356,   0.356, 0, 0,   0.176, 0, 0
65328, 167, 1.604,   0, 1.604, 1.604,   0, 0.358, 0.152
65417, 168, 3.023,   0, 3.023, 3.023,   0, 0.0724, 0.184
65964, 169, 2.78,   2.78, 2.78, 2.78,   0.121, 0.162, 0.128
65996, 170, 0.644,   0, 0.644, 0.644,   0, 0.0912, 0.169
66280, 171, 9.588,   9.588, 9.588, 9.588,   0.102, 0.104, 0.0827
66941, 172, 4.399,   0, 0, 4.399,   0, 0, 0.291
68153, 173, 5.754,   5.754, 0, 0,   0.17, 0, 0
68311, 174, 1.61,   1.61, 0, 0,   0.11, 0, 0
68356, 175, 1.332,   0, 1.332, 1.332,   0, 0.138, 0.108
68497, 176, 4.37,   0, 4.368, 4.372,   0, 0.0928, 0.123
68564, 177, 2.034,   0, 2.032, 2.036,   0, 0.0928, 0.0733
68585, 178, 1.504,   1.505, 1.505, 1.501,   0.0992, 0.127, 0.116
68743, 179, 3.552,   3.552, 3.552, 0,   0.113, 0.112, 0
69141, 180, 3.107,   0, 0, 3.107,   0, 0, 0.108
69277, 181, 0.784,   0, 0, 0.784,   0, 0, 0.0984
70139, 182, 0.212,   0, 0, 0.212,   0, 0, 0.0905
71100, 183, 8.192,   8.192, 8.192, 0,   0.0914, 0.0865, 0
71296, 184, 2.776,   0, 2.776, 0,   0, 0.0834, 0
71456, 185, 2.763,   2.764, 2.76, 2.764,   0.0883, 0.0818, 0.0671
71637, 186, 0.3,   0, 0, 0.3,   0, 0, 0.319
72438, 187, 2.879,   0, 0, 2.879,   0, 0, 0.199
73447, 188, 2.113,   0, 0, 2.113,   0, 0, 0.348
73490, 189, 0.3007,   0, 0.3027, 0.2987,   0, 0.104, 0.089
73843, 190, 0.892,   0, 0, 0.892,   0, 0, 0.117
74441, 191, 0.2347,   0.2347, 0, 0,   0.138, 0, 0
74891, 192, 3.244,   0, 0, 3.244,   0, 0, 0.139
74991, 193, 3.77,   3.77, 3.77, 0,   0.093, 0.144, 0
75494, 194, 10.25,   0, 10.25, 10.25,   0, 0.0834, 0.0811
75664, 195, 11.79,   0, 0, 11.79,   0, 0, 0.101
75854, 196, 1.488,   0, 0, 1.488,   0, 0, 0.133
76562, 197, 4.188,   0, 0, 4.188,   0, 0, 0.167
77178, 198, 0.356,   0, 0.356, 0,   0, 0.158, 0
77287, 199, 3.553,   3.553, 3.553, 0,   0.167, 0.23, 0
77302, 200, 0.432,   0, 0, 0.432,   0, 0, 0.0984
77742, 201, 7.941,   7.941, 7.941, 7.941,   0.138, 0.137, 0.0937
77811, 202, 2.487,   0, 2.487, 0,   0, 0.193, 0
78250, 203, 0.6307,   0, 0.6307, 0,   0, 0.19, 0
78311, 204, 0.412,   0, 0, 0.412,   0, 0, 0.119
78355, 205, 2.488,   0, 0, 2.488,   0, 0, 0.105
79179, 206, 0.56,   0, 0, 0.56,   0, 0, 0.3
79232, 207, 1.456,   0, 0, 1.456,   0, 0, 0.0639
79939, 208, 4.916,   0, 0, 4.916,   0, 0, 0.0749
79958, 209, 2.6,   0, 0, 2.6,   0, 0, 0.0968
80379, 210, 2.216,   0, 0, 2.216,   0, 0, 0.18
80551, 211, 4.7,   0, 4.7, 0,   0, 0.0677, 0
80721, 212, 1.232,   0, 0, 1.232,   0, 0, 0.141
81052, 213, 1.795,   0, 1.795, 1.795,   0, 0.219, 0.133
81396, 214, 2.288,   2.288, 0, 0,   0.0726, 0, 0
81442, 215, 6.082,   0, 6.082, 0,   0, 0.358, 0
81466, 216, 3.553,   0, 0, 3.553,   0, 0, 0.089
81569, 217, 0.554,   0, 0.554, 0,   0, 0.169, 0
81723, 218, 4.352,   0, 0, 4.352,   0, 0, 0.0764
81791, 219, 1.944,   0, 0, 1.944,   0, 0, 0.0717
81858, 220, 2.284,   0, 0, 2.284,   0, 0, 0.125
83554, 221, 0.624,   0, 0, 0.624,   0, 0, 0.181
84025, 222, 2.176,   0, 0, 2.176,   0, 0, 0.147
84211, 223, 4.079,   4.079, 0, 0,   0.129, 0, 0
84368, 224, 0.932,   0, 0.932, 0,   0, 0.107, 0
84493, 225, 0.564,   0.564, 0, 0,   0.333, 0, 0
84594, 226, 3.256,   0, 3.256, 0,   0, 0.334, 0
85044, 227, 2.802,   0, 0, 2.802,   0, 0, 0.163
85285, 228, 4.356,   0, 0, 4.356,   0, 0, 0.0764
85350, 229, 9.883,   9.88, 9.884, 9.884,   0.0804, 0.0959, 0.125
85532, 230, 1.332,   1.332, 0, 0,   0.112, 0, 0
85895, 231, 0.788,   0, 0.788, 0,   0, 0.191, 0
87333, 232, 2.004,   0, 0, 2.004,   0, 0, 0.0749
88092, 233, 0.416,   0, 0.416, 0,   0, 0.226, 0
89622, 234, 2.148,   2.148, 0, 0,   0.12, 0, 0
90059, 235, 0.656,   0, 0.656, 0,   0, 0.212, 0
90482, 236, 0.204,   0, 0.204, 0,   0, 0.141, 0
92319, 237, 0.1987,   0, 0, 0.1987,   0, 0, 0.178
92453, 238, 0.232,   0, 0, 0.232,   0, 0, 0.316
93310, 239, 0.432,   0, 0, 0.432,   0, 0, 0.112
93629, 240, 2.092,   0, 2.092, 2.092,   0, 0.105, 0.127
93913, 241, 10.49,   10.49, 0, 0,   0.0836, 0, 0
94336, 242, 0.588,   0, 0.588, 0,   0, 0.132, 0
95005, 243, 4.204,   0, 0, 4.204,   0, 0, 0.322
95016, 244, 3.392,   0, 0, 3.392,   0, 0, 0.089
95349, 245, 1.636,   0, 1.636, 0,   0, 0.337, 0
95446, 246, 2.264,   0, 0, 2.264,   0, 0, 0.206
95546, 247, 1.152,   0, 0, 1.152,   0, 0, 0.0874
96214, 248, 1.668,   1.668, 0, 0,   0.113, 0, 0
96422, 249, 0.254,   0.254, 0, 0,   0.145, 0, 0
97492, 250, 4.328,   0, 0, 4.328,   0, 0, 0.0749
97767, 251, 1.508,   1.508, 0, 0,   0.0961, 0, 0
98073, 252, 1.258,   1.258, 1.258, 0,   0.101, 0.116, 0
98412, 253, 4.421,   0, 0, 4.421,   0, 0, 0.116
98787, 254, 2.68,   0, 0, 2.68,   0, 0, 0.0937
98852, 255, 4.192,   4.192, 4.192, 0,   0.159, 0.126, 0
99110, 256, 4.406,   4.408, 4.404, 0,   0.118, 0.0912, 0
99741, 257, 0.216,   0, 0.216, 0,   0, 0.285, 0
100260, 258, 1.462,   0, 1.46, 1.464,   0, 0.0818, 0.0952
100325, 259, 5.997,   0, 0, 5.997,   0, 0, 0.169
100395, 260, 0.776,   0.776, 0, 0,   0.135, 0, 0
100838, 261, 1.188,   0, 0, 1.188,   0, 0, 0.0764
100979, 262, 2.016,   0, 0, 2.016,   0, 0, 0.0937
101490, 263, 1.212,   0, 1.212, 0,   0, 0.358, 0
101562, 264, 4.381,   0, 4.381, 4.381,   0, 0.0896, 0.0827
101835, 265, 1.29,   0, 1.29, 0,   0, 0.118, 0
102023, 266, 9.604,   9.604, 0, 0,   0.0883, 0, 0
102270, 267, 0.448,   0, 0, 0.448,   0, 0, 0.111
102401, 268, 0.816,   0, 0, 0.816,   0, 0, 0.0717
103181, 269, 1.04,   0, 1.04, 0,   0, 0.119, 0
103616, 270, 2.377,   2.377, 2.377, 2.377,   0.132, 0.099, 0.0952
103884, 271, 2.844,   0, 0, 2.844,   0, 0, 0.127
104060, 272, 1.206,   1.208, 1.204, 0,   0.113, 0.105, 0
105197, 273, 6.465,   0, 0, 6.465,   0, 0, 0.0733
105263, 274, 0.664,   0.664, 0, 0,   0.0898, 0, 0
106049, 275, 0.572,   0, 0, 0.572,   0, 0, 0.145
106984, 276, 2.5,   0, 0, 2.5,   0, 0, 0.0827
107495, 277, 0.648,   0, 0.648, 0,   0, 0.0975, 0
108072, 278, 0.544,   0, 0, 0.544,   0, 0, 0.13
108448, 279, 0.824,   0.824, 0.824, 0.824,   0.0867, 0.101, 0.128
108658, 280, 1.556,   1.558, 1.554, 0,   0.142, 0.138, 0
108801, 281, 3.744,   0, 3.744, 3.744,   0, 0.0881, 0.194
109074, 282, 4.216,   0, 0, 4.216,   0, 0, 0.272
109162, 283, 3.5,   0, 0, 3.5,   0, 0, 0.119
109543, 284, 0.332,   0, 0.332, 0,   0, 0.358, 0
110035, 285, 0.748,   0, 0, 0.748,   0, 0, 0.253
110285, 286, 3.83,   3.828, 0, 3.832,   0.131, 0, 0.125
110309, 287, 2.112,   0, 0, 2.112,   0, 0, 0.0874
110319, 288, 7.504,   0, 0, 7.504,   0, 0, 0.341
110851, 289, 1.83,   0, 0, 1.83,   0, 0, 0.0843
111194, 290, 0.976,   0, 0.976, 0,   0, 0.099, 0
111342, 291, 7.864,   0, 0, 7.864,   0, 0, 0.139
112185, 292, 0.182,   0, 0.182, 0,   0, 0.358, 0
112752, 293, 0.492,   0.492, 0.492, 0,   0.126, 0.127, 0
113267, 294, 3.613,   0, 3.613, 0,   0, 0.0849, 0
113703, 295, 0.844,   0.844, 0.844, 0,   0.138, 0.0896, 0
113716, 296, 0.908,   0, 0.908, 0,   0, 0.146, 0
113903, 297, 4.748,   4.749, 4.749, 4.745,   0.0804, 0.0709, 0.144
113936, 298, 1.074,   1.076, 1.072, 0,   0.0977, 0.223, 0
113958, 299, 3.34,   0, 3.34, 0,   0, 0.348, 0
114144, 300, 3.927,   0, 0, 3.927,   0, 0, 0.123
114157, 301, 0.434,   0, 0.432, 0.436,   0, 0.099, 0.0874
114418, 302, 1.55,   0, 1.55, 0,   0, 0.218, 0
115114, 303, 1.116,   1.116, 1.116, 0,   0.109, 0.158, 0
115500, 304, 9.236,   0, 9.236, 0,   0, 0.0865, 0
116179, 305, 1.468,   0, 1.468, 1.468,   0, 0.0943, 0.122
116339, 306, 0.344,   0.344, 0, 0,   0.106, 0, 0
116447, 307, 2.381,   0, 0, 2.381,   0, 0, 0.133
116465, 308, 1.179,   0, 0, 1.179,   0, 0, 0.145
117373, 309, 1.621,   0, 0, 1.621,   0, 0, 0.348
120092, 310, 3.098,   3.098, 0, 0,   0.338, 0, 0
120163, 311, 4.26,   0, 4.26, 0,   0, 0.0943, 0
121055, 312, 0.234,   0, 0.234, 0,   0, 0.218, 0
121281, 313, 6.32,   0, 0, 6.32,   0, 0, 0.203
121603, 314, 0.9107,   0, 0, 0.9107,   0, 0, 0.114
121750, 315, 0.3747,   0, 0.3747, 0.3747,   0, 0.11, 0.127
121770, 316, 0.672,   0, 0, 0.672,   0, 0, 0.339
122679, 317, 2.52,   0, 2.52, 0,   0, 0.0771, 0
123206, 318, 0.572,   0, 0, 0.572,   0, 0, 0.15
123789, 319, 0.728,   0, 0.728, 0.728,   0, 0.271, 0.137
123916, 320, 1.364,   1.364, 1.364, 1.364,   0.123, 0.105, 0.123
124576, 321, 0.816,   0, 0.816, 0,   0, 0.335, 0
124853, 322, 2.272,   2.272, 2.272, 0,   0.106, 0.271, 0
124881, 323, 1.751,   0, 0, 1.751,   0, 0, 0.127
125126, 324, 7.176,   0, 7.176, 7.176,   0, 0.0881, 0.319
125538, 325, 0.9773,   0, 0, 0.9773,   0, 0, 0.0999
125878, 326, 0.168,   0, 0, 0.168,   0, 0, 0.163
125939, 327, 1.716,   0, 0, 1.716,   0, 0, 0.0968
127193, 328, 2.09,   2.09, 0, 0,   0.17, 0, 0
127275, 329, 0.2873,   0.2853, 0, 0.2893,   0.0898, 0, 0.0874
127286, 330, 3.568,   0, 3.568, 0,   0, 0.173, 0
127652, 331, 2.336,   0, 0, 2.336,   0, 0, 0.0921
128165, 332, 0.3133,   0.3107, 0.3147, 0.3147,   0.12, 0.176, 0.125
128789, 333, 1.256,   0, 1.256, 1.256,   0, 0.252, 0.183
128964, 334, 4.517,   0, 0, 4.517,   0, 0, 0.0937
128996, 335, 3.876,   0, 0, 3.876,   0, 0, 0.133
129014, 336, 3.364,   3.364, 3.364, 0,   0.156, 0.0834, 0
129599, 337, 4.264,   0, 0, 4.264,   0, 0, 0.348
129682, 338, 1.656,   0, 0, 1.656,   0, 0, 0.0671
129945, 339, 1.432,   0, 1.432, 0,   0, 0.198, 0
130764, 340, 3.777,   0, 0, 3.777,   0, 0, 0.0999
131346, 341, 1.64,   0, 0, 1.64,   0, 0, 0.0796
131475, 342, 4.056,   0, 0, 4.056,   0, 0, 0.108
131853, 343, 1.52,   0, 1.518, 1.522,   0, 0.102, 0.0733
132264, 344, 0.498,   0, 0, 0.498,   0, 0, 0.0937
132863, 345, 1.063,   0, 0, 1.063,   0, 0, 0.292
133298, 346, 2.96,   2.96, 0, 0,   0.338, 0, 0
133708, 347, 1.146,   0, 1.146, 0,   0, 0.227, 0
133804, 348, 1.7,   0, 1.7, 0,   0, 0.284, 0
134887, 349, 3.55,   0, 3.55, 0,   0, 0.158, 0
134946, 350, 4.988,   0, 0, 4.988,   0, 0, 0.0952
135012, 351, 2.568,   0, 0, 2.568,   0, 0, 0.0764
135073, 352, 1.192,   0, 1.192, 1.192,   0, 0.116, 0.247
136253, 353, 11.78,   0, 0, 11.78,   0, 0, 0.0749
136488, 354, 2.67,   2.67, 0, 0,   0.11, 0, 0
136688, 355, 1.808,   0, 0, 1.808,   0, 0, 0.348
136870, 356, 2.1,   0, 2.1, 2.1,   0, 0.0959, 0.0874
137134, 357, 5.736,   0, 0, 5.736,   0, 0, 0.0952
137348, 358, 0.656,   0, 0, 0.656,   0, 0, 0.175
137674, 359, 0.78,   0.78, 0, 0,   0.121, 0, 0
138484, 360, 4.56,   0, 4.56, 0,   0, 0.255, 0
138685, 361, 0.28,   0, 0.28, 0,   0, 0.177, 0
138707, 362, 1.096,   1.096, 0, 0,   0.134, 0, 0
138902, 363, 5.78,   0, 0, 5.78,   0, 0, 0.348
139152, 364, 2.368,   0, 2.368, 2.368,   0, 0.358, 0.0796
139451, 365, 0.8427,   0, 0.8427, 0.8427,   0, 0.152, 0.105
140520, 366, 0.6773,   0.6773, 0, 0.6773,   0.16, 0, 0.139
140536, 367, 2.052,   0, 0, 2.052,   0, 0, 0.0796
140596, 368, 0.29,   0, 0.288, 0.292,   0, 0.334, 0.127
140785, 369, 13.04,   13.04, 13.04, 0,   0.0804, 0.0912, 0
141128, 370, 3.588,   0, 0, 3.588,   0, 0, 0.114
141177, 371, 3.604,   0, 0, 3.604,   0, 0, 0.0717
141428, 372, 1.99,   1.992, 1.988, 0,   0.176, 0.243, 0
141487, 373, 10.61,   10.61, 0, 10.61,   0.0663, 0, 0.153
142157, 374, 0.4973,   0, 0, 0.4973,   0, 0, 0.119
142341, 375, 1.175,   0, 0, 1.175,   0, 0, 0.144
144910, 376, 1.146,   0, 1.146, 0,   0, 0.0787, 0
144987, 377, 12.71,   12.71, 0, 0,   0.0961, 0, 0
146812, 378, 2.372,   0, 2.372, 0,   0, 0.254, 0
147127, 379, 2.174,   0, 2.172, 2.176,   0, 0.101, 0.108
147517, 380, 1.604,   1.601, 1.605, 1.605,   0.0773, 0.11, 0.114
147977, 381, 2.232,   0, 2.232, 0,   0, 0.104, 0
148454, 382, 1.744,   1.744, 1.744, 1.744,   0.123, 0.11, 0.0874
148479, 383, 0.292,   0.292, 0.288, 0.296,   0.0945, 0.0881, 0.127
148892, 384, 6.329,   6.329, 6.329, 0,   0.0898, 0.101, 0
149061, 385, 0.656,   0.656, 0.656, 0,   0.106, 0.0959, 0
149503, 386, 2.912,   0, 0, 2.912,   0, 0, 0.194
150279, 387, 0.2027,   0, 0, 0.2027,   0, 0, 0.108
150694, 388, 5.16,   0, 0, 5.16,   0, 0, 0.0874
150714, 389, 0.82,   0, 0, 0.82,   0, 0, 0.078
150717, 390, 0.232,   0.232, 0, 0,   0.104, 0, 0
150812, 391, 3.59,   0, 0, 3.59,   0, 0, 0.122
150884, 392, 5.088,   5.088, 5.088, 0,   0.123, 0.108, 0
151368, 393, 0.316,   0, 0.316, 0,   0, 0.358, 0
152065, 394, 0.996,   0.996, 0.996, 0.996,   0.217, 0.135, 0.106
152801, 395, 4.584,   0, 4.584, 0,   0, 0.243, 0
153719, 396, 7.137,   7.139, 7.135, 0,   0.178, 0.0912, 0
153921, 397, 3.046,   0, 3.048, 3.044,   0, 0.0881, 0.211
154358, 398, 0.828,   0, 0, 0.828,   0, 0, 0.0874
154943, 399, 1.328,   0, 1.328, 0,   0, 0.107, 0
155292, 400, 0.41,   0, 0, 0.41,   0, 0, 0.288
155333, 401, 2.594,   0, 0, 2.594,   0, 0, 0.245
156423, 402, 4.156,   0, 4.156, 0,   0, 0.358, 0
157454, 403, 0.8,   0, 0, 0.8,   0, 0, 0.348
157478, 404, 13.59,   13.59, 0, 0,   0.0836, 0, 0
158217, 405, 6.616,   0, 0, 6.616,   0, 0, 0.105
158758, 406, 12.78,   0, 12.78, 12.78,   0, 0.0818, 0.0984
158934, 407, 2.66,   0, 2.66, 2.66,   0, 0.13, 0.18
159437, 408, 0.524,   0, 0.524, 0,   0, 0.0959, 0
160443, 409, 0.352,   0, 0.352, 0,   0, 0.243, 0
160545, 410, 0.4427,   0.4453, 0.4413, 0.4413,   0.101, 0.102, 0.136
160651, 411, 0.276,   0.276, 0.276, 0.276,   0.129, 0.112, 0.117
160654, 412, 1.36,   0, 0, 1.36,   0, 0, 0.137
161139, 413, 2.014,   0, 2.014, 2.014,   0, 0.104, 0.0827
161238, 414, 0.976,   0, 0, 0.976,   0, 0, 0.177
161475, 415, 1.843,   0, 1.843, 1.843,   0, 0.157, 0.285
161659, 416, 0.386,   0, 0, 0.386,   0, 0, 0.116
161953, 417, 1.422,   0, 1.424, 1.42,   0, 0.0818, 0.0858
162071, 418, 1.7,   0, 1.7, 0,   0, 0.313, 0
162966, 419, 3.096,   3.096, 0, 0,   0.071, 0, 0
163740, 420, 5.35,   5.352, 5.348, 0,   0.0961, 0.133, 0
163806, 421, 1.211,   0, 1.211, 0,   0, 0.119, 0
164133, 422, 1.716,   0, 0, 1.716,   0, 0, 0.108
164625, 423, 0.92,   0, 0.92, 0,   0, 0.238, 0
165044, 424, 5.048,   0, 5.048, 0,   0, 0.143, 0
165487, 425, 1.5,   0, 0, 1.5,   0, 0, 0.255
165725, 426, 1.892,   0, 1.892, 0,   0, 0.141, 0
166087, 427, 0.18,   0, 0.18, 0,   0, 0.101, 0
166530, 428, 5.481,   0, 5.483, 5.479,   0, 0.127, 0.139
167602, 429, 3.108,   0, 3.108, 0,   0, 0.358, 0
168145, 430, 0.656,   0.656, 0.656, 0,   0.222, 0.0943, 0
168246, 431, 3.324,   3.324, 3.324, 3.324,   0.138, 0.108, 0.0999
168386, 432, 6.296,   0, 6.296, 0,   0, 0.0881, 0
168727, 433, 1.807,   1.808, 1.808, 1.804,   0.151, 0.0928, 0.101
168898, 434, 4.16,   0, 0, 4.16,   0, 0, 0.136
168979, 435, 0.372,   0, 0, 0.372,   0, 0, 0.153
169168, 436, 1.846,   0, 1.848, 1.844,   0, 0.0881, 0.348
169457, 437, 1.66,   1.66, 0, 0,   0.107, 0, 0
169761, 438, 1.396,   1.396, 0, 1.396,   0.112, 0, 0.108
169905, 439, 2.789,   0, 2.789, 2.789,   0, 0.155, 0.078
169948, 440, 1.629,   0, 0, 1.629,   0, 0, 0.228
170058, 441, 1.828,   0, 1.826, 1.83,   0, 0.358, 0.0874
170720, 442, 11.51,   0, 11.51, 0,   0, 0.0677, 0
171053, 443, 3.768,   0, 0, 3.768,   0, 0, 0.169
171072, 444, 2.771,   2.771, 2.771, 0,   0.102, 0.0912, 0
171223, 445, 3.256,   0, 0, 3.256,   0, 0, 0.336
171438, 446, 4.748,   0, 0, 4.748,   0, 0, 0.109
171461, 447, 8.036,   8.036, 8.036, 0,   0.16, 0.0928, 0
171844, 448, 3.624,   0, 0, 3.624,   0, 0, 0.155
172562, 449, 2.773,   0, 0, 2.773,   0, 0, 0.119
172712, 450, 0.468,   0.466, 0.47, 0,   0.106, 0.113, 0
172946, 451, 8.856,   8.856, 0, 0,   0.0789, 0, 0
174138, 452, 1.075,   0, 1.077, 1.073,   0, 0.0834, 0.0999
174897, 453, 0.584,   0, 0, 0.584,   0, 0, 0.136
176956, 454, 0.686,   0.684, 0.688, 0,   0.165, 0.151, 0
177403, 455, 0.516,   0, 0, 0.516,   0, 0, 0.238
177590, 456, 0.4013,   0.404, 0.4, 0.4,   0.109, 0.101, 0.089
177652, 457, 8.032,   8.03, 8.034, 0,   0.0757, 0.0818, 0
177865, 458, 0.708,   0.708, 0.708, 0,   0.11, 0.0943, 0
177873, 459, 0.268,   0, 0, 0.268,   0, 0, 0.0717
177953, 460, 0.204,   0.204, 0.204, 0.204,   0.113, 0.19, 0.158
178007, 461, 0.266,   0, 0.268, 0.264,   0, 0.249, 0.241
178176, 462, 5.608,   0, 5.608, 5.608,   0, 0.116, 0.178
178894, 463, 1.432,   0, 1.432, 0,   0, 0.115, 0
179013, 464, 1.784,   1.784, 1.784, 0,   0.11, 0.099, 0
179532, 465, 0.192,   0, 0, 0.192,   0, 0, 0.227
181335, 466, 1.96,   1.96, 1.96, 1.96,   0.137, 0.0865, 0.0827
181568, 467, 1.516,   0, 1.516, 1.516,   0, 0.119, 0.125
181654, 468, 0.464,   0, 0, 0.464,   0, 0, 0.269
182070, 469, 5.204,   0, 5.204, 0,   0, 0.204, 0
182474, 470, 4.033,   4.033, 4.033, 4.033,   0.0836, 0.0724, 0.0827
182663, 471, 0.5733,   0.572, 0.576, 0.572,   0.0851, 0.151, 0.119
182833, 472, 3.752,   0, 0, 3.752,   0, 0, 0.119
182903, 473, 0.458,   0.46, 0.456, 0,   0.109, 0.11, 0
183069, 474, 0.596,   0.596, 0, 0,   0.131, 0, 0
183647, 475, 2.372,   0, 2.372, 2.372,   0, 0.144, 0.12
183722, 476, 0.994,   0, 0, 0.994,   0, 0, 0.175
184080, 477, 3.004,   0, 3.004, 0,   0, 0.188, 0
184691, 478, 3.154,   0, 3.152, 3.156,   0, 0.171, 0.116
184756, 479, 2.452,   0, 0, 2.452,   0, 0, 0.134
184986, 480, 1.146,   1.148, 1.144, 0,   0.0789, 0.108, 0
185006, 481, 0.9053,   0, 0, 0.9053,   0, 0, 0.117
185056, 482, 1.78,   1.78, 1.78, 0,   0.143, 0.227, 0
185098, 483, 3.631,   0, 0, 3.631,   0, 0, 0.167
185136, 484, 0.184,   0, 0, 0.184,   0, 0, 0.103
185268, 485, 0.79,   0.788, 0.792, 0,   0.123, 0.162, 0
185656, 486, 0.878,   0, 0, 0.878,   0, 0, 0.161
185948, 487, 0.4213,   0.4213, 0.4213, 0,   0.148, 0.0959, 0
188047, 488, 1.68,   0, 0, 1.68,   0, 0, 0.163
188176, 489, 1.044,   0, 1.044, 0,   0, 0.113, 0
188724, 490, 0.372,   0.372, 0.372, 0.372,   0.102, 0.0896, 0.116
188750, 491, 3.371,   0, 0, 3.371,   0, 0, 0.0905
188755, 492, 10.84,   0, 0, 10.84,   0, 0, 0.0624
189225, 493, 0.2853,   0.2867, 0.2827, 0.2867,   0.112, 0.112, 0.103
189306, 494, 0.284,   0.284, 0.284, 0,   0.0945, 0.0943, 0
189843, 495, 4.265,   0, 0, 4.265,   0, 0, 0.152
190219, 496, 1.592,   0, 1.592, 1.592,   0, 0.341, 0.117
190433, 497, 0.6907,   0, 0, 0.6907,   0, 0, 0.0858
190583, 498, 5.008,   0, 0, 5.008,   0, 0, 0.25
191287, 499, 2.328,   0, 0, 2.328,   0, 0, 0.194
191480, 500, 0.368,   0.368, 0.368, 0.368,   0.0804, 0.105, 0.125
192460, 501, 0.844,   0, 0, 0.844,   0, 0, 0.131
193154, 502, 0.85,   0.85, 0, 0,   0.113, 0, 0
193678, 503, 2.428,   2.428, 2.428, 0,   0.0726, 0.188, 0
194582, 504, 0.344,   0, 0, 0.344,   0, 0, 0.13
195407, 505, 4.517,   4.517, 4.517, 4.517,   0.0961, 0.0943, 0.106
195718, 506, 6.468,   6.468, 6.468, 6.468,   0.0773, 0.0928, 0.0984
195797, 507, 1.06,   0, 0, 1.06,   0, 0, 0.106
196113, 508, 3.252,   3.252, 0, 0,   0.115, 0, 0
196199, 509, 0.168,   0.168, 0.168, 0,   0.124, 0.182, 0
197220, 510, 1.83,   1.83, 1.83, 0,   0.0914, 0.115, 0
197980, 511, 1.548,   1.548, 0, 0,   0.291, 0, 0
198549, 512, 2.452,   0, 0, 2.452,   0, 0, 0.0905
198737, 513, 1.96,   1.96, 0, 0,   0.093, 0, 0
199443, 514, 1.38,   0, 1.38, 0,   0, 0.0677, 0
199585, 515, 2.513,   2.513, 0, 2.513,   0.0945, 0, 0.0937
200204, 516, 1.748,   1.748, 0, 0,   0.262, 0, 0
200231, 517, 1.097,   0, 0, 1.097,   0, 0, 0.13
200679, 518, 5.584,   0, 0, 5.584,   0, 0, 0.137
200756, 519, 1.236,   1.236, 1.236, 1.236,   0.151, 0.0943, 0.105
200992, 520, 0.78,   0.78, 0.78, 0,   0.115, 0.105, 0
201021, 521, 0.38,   0, 0, 0.38,   0, 0, 0.348
201078, 522, 2.571,   0, 0, 2.571,   0, 0, 0.111
201486, 523, 1.564,   1.564, 1.564, 0,   0.164, 0.137, 0
201893, 524, 0.39,   0, 0.388, 0.392,   0, 0.23, 0.125
202240, 525, 4.144,   0, 4.144, 0,   0, 0.358, 0
203652, 526, 3.524,   0, 3.524, 0,   0, 0.0865, 0
203692, 527, 0.712,   0.712, 0, 0,   0.157, 0, 0
203759, 528, 2.524,   2.524, 2.524, 2.524,   0.0914, 0.0975, 0.105
203776, 529, 0.172,   0, 0, 0.172,   0, 0, 0.222
204133, 530, 8.361,   8.361, 8.361, 0,   0.0663, 0.0709, 0
204249, 531, 1.222,   0, 1.22, 1.224,   0, 0.121, 0.109
204744, 532, 1.444,   1.444, 1.444, 0,   0.137, 0.196, 0
204819, 533, 1.468,   1.468, 0, 1.468,   0.118, 0, 0.119
204824, 534, 1,   0, 0, 1,   0, 0, 0.153
205050, 535, 4.152,   0, 0, 4.152,   0, 0, 0.18
205475, 536, 1.159,   0, 1.157, 1.161,   0, 0.358, 0.144
205684, 537, 1.288,   0, 1.288, 1.288,   0, 0.0834, 0.103
206626, 538, 0.516,   0.514, 0.518, 0,   0.135, 0.116, 0
207926, 539, 0.5827,   0, 0, 0.5827,   0, 0, 0.127
208635, 540, 1.084,   1.084, 1.084, 0,   0.148, 0.11, 0
209459, 541, 2.644,   2.644, 2.644, 0,   0.0757, 0.0693, 0
209689, 542, 0.492,   0, 0.492, 0,   0, 0.099, 0
210449, 543, 1.184,   0, 0, 1.184,   0, 0, 0.0686
210698, 544, 2.196,   2.196, 2.196, 0,   0.0961, 0.257, 0
210742, 545, 0.6573,   0, 0, 0.6573,   0, 0, 0.288
210816, 546, 2.228,   0, 2.228, 0,   0, 0.173, 0
211375, 547, 2.44,   0, 2.44, 0,   0, 0.0803, 0
211397, 548, 1.936,   0, 1.936, 0,   0, 0.358, 0
211898, 549, 1.94,   1.94, 0, 0,   0.149, 0, 0
212362, 550, 0.94,   0, 0.94, 0,   0, 0.119, 0
212542, 551, 1.08,   0, 0, 1.08,   0, 0, 0.12
212559, 552, 8.204,   8.204, 8.204, 0,   0.0789, 0.0709, 0
212671, 553, 0.6367,   0.6387, 0.6347, 0,   0.198, 0.118, 0
212698, 554, 0.218,   0.218, 0.218, 0,   0.112, 0.104, 0
213062, 555, 1.813,   0, 0, 1.813,   0, 0, 0.164
213280, 556, 0.7907,   0, 0, 0.7907,   0, 0, 0.308
214111, 557, 1.413,   1.416, 1.412, 1.412,   0.0867, 0.0943, 0.0937
214774, 558, 2.229,   2.229, 2.229, 2.229,   0.248, 0.212, 0.0827
214794, 559, 2.424,   0, 2.424, 2.424,   0, 0.115, 0.164
214866, 560, 3.527,   0, 0, 3.527,   0, 0, 0.122
214962, 561, 0.196,   0, 0, 0.196,   0, 0, 0.155
216046, 562, 2.124,   0, 0, 2.124,   0, 0, 0.0952
216170, 563, 0.2533,   0.2533, 0.2533, 0.2533,   0.0867, 0.108, 0.153
217588, 564, 0.6,   0.6, 0.6, 0,   0.0945, 0.101, 0
217665, 565, 1.968,   0, 0, 1.968,   0, 0, 0.0874
217888, 566, 5.532,   0, 5.532, 0,   0, 0.358, 0
218286, 567, 0.8493,   0.8493, 0, 0,   0.102, 0, 0
218630, 568, 4.088,   0, 4.088, 0,   0, 0.233, 0
218822, 569, 1.776,   0, 1.776, 1.776,   0, 0.146, 0.177
219414, 570, 2.684,   2.684, 2.684, 2.684,   0.132, 0.0912, 0.0858
220392, 571, 2.871,   0, 0, 2.871,   0, 0, 0.089
220455, 572, 3.506,   0, 3.504, 3.508,   0, 0.154, 0.0952
220484, 573, 1.129,   1.129, 1.129, 0,   0.0867, 0.162, 0
220911, 574, 6.145,   0, 0, 6.145,   0, 0, 0.0921
220977, 575, 1.037,   1.035, 0, 1.039,   0.118, 0, 0.112
221029, 576, 1.408,   0, 0, 1.408,   0, 0, 0.148
221095, 577, 0.62,   0, 0.62, 0,   0, 0.105, 0
221529, 578, 2.136,   0, 0, 2.136,   0, 0, 0.0874
221955, 579, 0.404,   0.404, 0, 0,   0.115, 0, 0
222470, 580, 9.481,   9.479, 9.483, 9.483,   0.154, 0.126, 0.0952
222669, 581, 0.812,   0, 0.812, 0,   0, 0.137, 0
222852, 582, 2.632,   0, 0, 2.632,   0, 0, 0.108
223562, 583, 2.584,   0, 2.584, 2.584,   0, 0.215, 0.152
223612, 584, 1.35,   1.352, 0, 1.348,   0.0883, 0, 0.101
225343, 585, 1.581,   1.58, 1.584, 1.58,   0.0883, 0.152, 0.0858
227266, 586, 0.448,   0.448, 0, 0,   0.176, 0, 0
227512, 587, 7.204,   0, 7.204, 0,   0, 0.141, 0
228019, 588, 0.292,   0, 0, 0.292,   0, 0, 0.343
228409, 589, 0.7827,   0, 0, 0.7827,   0, 0, 0.101
228491, 590, 0.504,   0, 0, 0.504,   0, 0, 0.152
228837, 591, 0.436,   0, 0.436, 0.436,   0, 0.266, 0.116
230643, 592, 1.751,   0, 1.751, 0,   0, 0.0959, 0
231210, 593, 0.232,   0, 0, 0.232,   0, 0, 0.134
231352, 594, 0.8867,   0.8867, 0.8867, 0.8867,   0.115, 0.127, 0.112
231859, 595, 0.5253,   0.5253, 0.5253, 0.5253,   0.0773, 0.0959, 0.0968
231930, 596, 0.524,   0.524, 0.524, 0.524,   0.131, 0.143, 0.172
231969, 597, 3.324,   0, 0, 3.324,   0, 0, 0.089
232150, 598, 0.4013,   0.404, 0.4, 0.4,   0.102, 0.0928, 0.0843
232654, 599, 4.266,   0, 4.268, 4.264,   0, 0.112, 0.148
233729, 600, 1.544,   0, 1.544, 1.544,   0, 0.119, 0.0968
233771, 601, 1.073,   1.076, 1.072, 1.072,   0.154, 0.102, 0.299
234260, 602, 0.668,   0.668, 0, 0,   0.132, 0, 0
234708, 603, 1.108,   1.108, 0, 0,   0.082, 0, 0
235894, 604, 1.049,   0, 0, 1.049,   0, 0, 0.15
236042, 605, 3.729,   3.728, 3.732, 3.728,   0.0757, 0.0709, 0.105
236125, 606, 1.556,   0, 0, 1.556,   0, 0, 0.141
236504, 607, 1.309,   0, 0, 1.309,   0, 0, 0.15
236809, 608, 3.274,   0, 3.274, 0,   0, 0.198, 0
240201, 609, 0.816,   0, 0.816, 0.816,   0, 0.129, 0.139
240557, 610, 1.936,   0, 0, 1.936,   0, 0, 0.172
240825, 611, 6.6,   0, 0, 6.6,   0, 0, 0.166
241380, 612, 2.248,   0, 0, 2.248,   0, 0, 0.125
242482, 613, 4.036,   0, 4.036, 0,   0, 0.141, 0
243629, 614, 0.786,   0, 0.784, 0.788,   0, 0.099, 0.0984
243636, 615, 1.696,   0, 0, 1.696,   0, 0, 0.249
244381, 616, 0.312,   0, 0, 0.312,   0, 0, 0.142
244478, 617, 2.268,   2.268, 2.268, 0,   0.272, 0.193, 0
244483, 618, 0.536,   0, 0, 0.536,   0, 0, 0.348
244554, 619, 4.04,   4.04, 0, 0,   0.151, 0, 0
244593, 620, 1.52,   1.52, 0, 0,   0.264, 0, 0
244617, 621, 4.765,   4.765, 4.765, 4.765,   0.0883, 0.113, 0.089
244797, 622, 1.592,   1.592, 0, 0,   0.338, 0, 0
244869, 623, 0.498,   0, 0.5, 0.496,   0, 0.0943, 0.109
246211, 624, 2.212,   0, 0, 2.212,   0, 0, 0.123
246612, 625, 2.568,   0, 2.568, 2.568,   0, 0.147, 0.119
246701, 626, 0.9587,   0.9587, 0.9587, 0,   0.0961, 0.099, 0
247313, 627, 0.516,   0, 0.516, 0,   0, 0.099, 0
247611, 628, 1.612,   1.612, 1.612, 0,   0.165, 0.241, 0
247677, 629, 4.609,   0, 0, 4.609,   0, 0, 0.0624
248160, 630, 7.456,   0, 0, 7.456,   0, 0, 0.0749
248393, 631, 3.565,   0, 3.565, 3.565,   0, 0.074, 0.0858
249710, 632, 1.21,   1.212, 1.208, 0,   0.104, 0.135, 0
250668, 633, 1.956,   1.956, 1.956, 0,   0.134, 0.112, 0
250711, 634, 1.5,   1.5, 1.5, 1.5,   0.101, 0.113, 0.127
251338, 635, 11.08,   0, 0, 11.08,   0, 0, 0.0639
251408, 636, 2.46,   2.46, 2.46, 0,   0.176, 0.24, 0
251611, 637, 3.2,   3.2, 3.2, 0,   0.0883, 0.0912, 0
251964, 638, 2.592,   2.592, 0, 0,   0.082, 0, 0
252172, 639, 0.388,   0, 0, 0.388,   0, 0, 0.0749
252191, 640, 13.13,   13.13, 13.13, 0,   0.0961, 0.122, 0
252217, 641, 0.4,   0, 0.4, 0,   0, 0.118, 0
252572, 642, 2.678,   2.676, 2.68, 0,   0.132, 0.14, 0
252580, 643, 0.564,   0.564, 0.564, 0,   0.167, 0.207, 0
252932, 644, 2.68,   0, 0, 2.68,   0, 0, 0.0764
253426, 645, 0.18,   0.18, 0, 0.18,   0.0867, 0, 0.122
253983, 646, 1.163,   0, 1.163, 1.163,   0, 0.104, 0.192
254302, 647, 0.24,   0, 0, 0.24,   0, 0, 0.348
254567, 648, 2.24,   0, 0, 2.24,   0, 0, 0.194
254808, 649, 0.32,   0, 0.32, 0,   0, 0.284, 0
255611, 650, 0.68,   0, 0, 0.68,   0, 0, 0.0937
255779, 651, 0.248,   0, 0.248, 0,   0, 0.18, 0
255800, 652, 5.153,   5.153, 5.153, 5.153,   0.0883, 0.124, 0.103
255884, 653, 1.876,   1.876, 1.876, 1.876,   0.134, 0.0849, 0.0827
257192, 654, 2.984,   0, 2.984, 2.984,   0, 0.0787, 0.127
258275, 655, 3.12,   0, 0, 3.12,   0, 0, 0.116
258302, 656, 0.76,   0.76, 0.76, 0,   0.236, 0.135, 0
258988, 657, 0.396,   0.396, 0.396, 0,   0.167, 0.158, 0
259343, 658, 6.636,   0, 6.636, 6.636,   0, 0.0928, 0.0921
259461, 659, 3.36,   3.36, 3.36, 3.36,   0.178, 0.168, 0.15
259996, 660, 5.313,   0, 5.313, 5.313,   0, 0.0677, 0.0811
260072, 661, 0.34,   0, 0, 0.34,   0, 0, 0.0874
260184, 662, 1.54,   0, 1.54, 1.54,   0, 0.126, 0.114
260556, 663, 1.987,   0, 0, 1.987,   0, 0, 0.114
260777, 664, 0.1987,   0, 0, 0.1987,   0, 0, 0.238
261131, 665, 5.288,   0, 0, 5.288,   0, 0, 0.159
261472, 666, 2.943,   2.943, 0, 0,   0.0804, 0, 0
261636, 667, 11.34,   11.34, 11.34, 0,   0.0883, 0.107, 0
262032, 668, 5.141,   5.141, 5.141, 5.141,   0.0679, 0.0787, 0.0796
262578, 669, 3.78,   3.78, 3.78, 3.78,   0.123, 0.13, 0.0905
263235, 670, 2.405,   2.404, 2.408, 2.404,   0.0883, 0.0943, 0.164
263342, 671, 1.335,   1.336, 1.336, 1.332,   0.0883, 0.0959, 0.0999
263561, 672, 3.113,   0, 0, 3.113,   0, 0, 0.348
263812, 673, 3.6,   0, 0, 3.6,   0, 0, 0.105
263829, 674, 1.987,   0, 1.987, 0,   0, 0.0771, 0
263837, 675, 0.94,   0.94, 0, 0.94,   0.156, 0, 0.089
264335, 676, 0.636,   0, 0, 0.636,   0, 0, 0.292
264862, 677, 0.6387,   0.6387, 0.6387, 0,   0.107, 0.141, 0
264916, 678, 11.37,   11.37, 11.37, 11.37,   0.116, 0.0881, 0.0811
265922, 679, 4.176,   0, 0, 4.176,   0, 0, 0.114
265950, 680, 4.021,   4.021, 4.021, 4.021,   0.0695, 0.0975, 0.144
267254, 681, 0.226,   0.224, 0.228, 0,   0.0961, 0.212, 0
267311, 682, 0.278,   0, 0.278, 0,   0, 0.358, 0
267634, 683, 0.396,   0.396, 0, 0,   0.171, 0, 0
268304, 684, 1.032,   0, 0, 1.032,   0, 0, 0.28
268331, 685, 2.884,   0, 2.886, 2.882,   0, 0.141, 0.0937
268783, 686, 0.956,   0.956, 0.956, 0.956,   0.131, 0.169, 0.231
268850, 687, 2.124,   2.124, 2.124, 0,   0.116, 0.0818, 0
269121, 688, 2.458,   2.46, 2.456, 0,   0.0757, 0.0834, 0
269275, 689, 2.528,   0, 2.528, 0,   0, 0.174, 0
269302, 690, 1.069,   1.069, 1.069, 0,   0.0898, 0.0849, 0
269816, 691, 0.724,   0, 0.724, 0,   0, 0.0834, 0
270576, 692, 0.378,   0.38, 0.376, 0,   0.107, 0.127, 0
270865, 693, 3.88,   3.88, 3.88, 0,   0.123, 0.171, 0
270998, 694, 0.4493,   0, 0, 0.4493,   0, 0, 0.291
271014, 695, 15.03,   0, 15.03, 0,   0, 0.0709, 0
271484, 696, 8.186,   0, 0, 8.186,   0, 0, 0.0984
271628, 697, 2.934,   2.932, 2.936, 0,   0.239, 0.149, 0
271708, 698, 1.896,   0, 0, 1.896,   0, 0, 0.144
272027, 699, 0.172,   0, 0, 0.172,   0, 0, 0.194
273306, 700, 2.29,   0, 2.29, 0,   0, 0.179, 0
273455, 701, 0.3573,   0.3573, 0.3573, 0,   0.148, 0.282, 0
273979, 702, 1.772,   1.772, 0, 0,   0.0851, 0, 0
274027, 703, 3.341,   0, 3.341, 3.341,   0, 0.0881, 0.303
274089, 704, 0.656,   0.656, 0.656, 0.656,   0.0883, 0.14, 0.119
274102, 705, 0.304,   0, 0, 0.304,   0, 0, 0.239
274478, 706, 1.93,   0, 1.928, 1.932,   0, 0.0975, 0.122
274550, 707, 2.359,   0, 0, 2.359,   0, 0, 0.286
274670, 708, 3.83,   0, 3.832, 3.828,   0, 0.16, 0.153
274813, 709, 1.402,   1.4, 1.404, 0,   0.115, 0.126, 0
274903, 710, 0.968,   0.968, 0.968, 0,   0.0883, 0.0896, 0
275381, 711, 3.391,   0, 0, 3.391,   0, 0, 0.13
275466, 712, 0.528,   0, 0, 0.528,   0, 0, 0.131
275690, 713, 0.232,   0, 0, 0.232,   0, 0, 0.114
276354, 714, 3.94,   0, 0, 3.94,   0, 0, 0.078
276709, 715, 4.264,   4.264, 4.264, 0,   0.0851, 0.0975, 0
276950, 716, 0.678,   0.68, 0.676, 0,   0.106, 0.154, 0
277084, 717, 3.518,   0, 0, 3.518,   0, 0, 0.133
277659, 718, 0.3,   0, 0.3, 0.3,   0, 0.116, 0.208
278207, 719, 2.096,   0, 0, 2.096,   0, 0, 0.141
278776, 720, 1.32,   0, 0, 1.32,   0, 0, 0.0749
278987, 721, 4.616,   0, 0, 4.616,   0, 0, 0.078
279041, 722, 2.164,   0, 2.164, 2.164,   0, 0.182, 0.181
279181, 723, 0.644,   0, 0, 0.644,   0, 0, 0.123
279743, 724, 8.831,   8.831, 8.831, 0,   0.101, 0.074, 0
279759, 725, 4.972,   0, 0, 4.972,   0, 0, 0.0921
280323, 726, 6.72,   0, 0, 6.72,   0, 0, 0.114
282447, 727, 3.979,   3.979, 0, 0,   0.0851, 0, 0
282450, 728, 3.348,   0, 3.348, 3.348,   0, 0.198, 0.266
283542, 729, 0.304,   0, 0, 0.304,   0, 0, 0.144
284108, 730, 2.56,   2.56, 2.56, 0,   0.168, 0.0881, 0
284363, 731, 1.104,   0, 0, 1.104,   0, 0, 0.189
284567, 732, 0.838,   0.838, 0, 0,   0.131, 0, 0
284797, 733, 1.113,   0, 0, 1.113,   0, 0, 0.0905
285613, 734, 2.404,   0, 0, 2.404,   0, 0, 0.112
285633, 735, 4.96,   0, 0, 4.96,   0, 0, 0.106
286314, 736, 2.16,   0, 2.16, 0,   0, 0.358, 0
286776, 737, 0.604,   0.6053, 0.6013, 0.6053,   0.0836, 0.0756, 0.141
286870, 738, 2.656,   2.656, 2.656, 2.656,   0.0867, 0.0975, 0.0984
287040, 739, 5.782,   0, 0, 5.782,   0, 0, 0.144
287731, 740, 1.887,   0, 1.887, 0,   0, 0.0896, 0
288988, 741, 1.18,   0, 0, 1.18,   0, 0, 0.188
289199, 742, 1.804,   0, 0, 1.804,   0, 0, 0.133
289947, 743, 1.516,   0, 1.516, 1.516,   0, 0.223, 0.0858
290037, 744, 0.736,   0.736, 0, 0,   0.11, 0, 0
290635, 745, 1.848,   0, 0, 1.848,   0, 0, 0.139
291209, 746, 0.206,   0.204, 0.208, 0,   0.138, 0.129, 0
291325, 747, 0.496,   0, 0, 0.496,   0, 0, 0.343
291443, 748, 1.6,   0, 0, 1.6,   0, 0, 0.0952
292163, 749, 11.58,   11.58, 11.58, 11.58,   0.116, 0.124, 0.101
292400, 750, 1.892,   0, 0, 1.892,   0, 0, 0.2
292570, 751, 3.119,   3.119, 3.119, 0,   0.093, 0.108, 0
292817, 752, 0.8133,   0, 0, 0.8133,   0, 0, 0.125
292857, 753, 0.938,   0.938, 0.938, 0,   0.109, 0.174, 0
293528, 754, 0.65,   0.65, 0, 0,   0.107, 0, 0
293930, 755, 1.736,   1.736, 1.736, 0,   0.0914, 0.127, 0
294616, 756, 0.58,   0, 0, 0.58,   0, 0, 0.111
294822, 757, 0.912,   0, 0.912, 0.912,   0, 0.154, 0.12
295285, 758, 0.644,   0, 0.644, 0.644,   0, 0.146, 0.137
295446, 759, 1.384,   0, 1.384, 1.384,   0, 0.151, 0.111
295695, 760, 0.932,   0.932, 0.932, 0,   0.131, 0.112, 0
295927, 761, 2.336,   2.336, 0, 0,   0.0742, 0, 0
296182, 762, 5.675,   5.677, 5.673, 0,   0.0726, 0.108, 0
296996, 763, 1.841,   0, 0, 1.841,   0, 0, 0.0984
297411, 764, 3.001,   0, 0, 3.001,   0, 0, 0.161
297443, 765, 0.208,   0, 0, 0.208,   0, 0, 0.117
298345, 766, 0.252,   0.252, 0, 0,   0.157, 0, 0
298551, 767, 0.52,   0.52, 0.52, 0.52,   0.162, 0.138, 0.177
299533, 768, 1.384,   1.384, 0, 0,   0.0914, 0, 0
299766, 769, 2.118,   2.118, 0, 0,   0.0773, 0, 0
299807, 770, 0.472,   0, 0, 0.472,   0, 0, 0.267
299841, 771, 3.644,   0, 3.644, 0,   0, 0.099, 0
299917, 772, 1.484,   0, 1.484, 0,   0, 0.118, 0
299974, 773, 0.6267,   0, 0, 0.6267,   0, 0, 0.0843
300981, 774, 9.112,   9.112, 0, 0,   0.121, 0, 0
301015, 775, 9.048,   0, 0, 9.048,   0, 0, 0.348
301330, 776, 0.32,   0, 0.32, 0,   0, 0.188, 0
301645, 777, 2.241,   0, 0, 2.241,   0, 0, 0.181
302039, 778, 2.856,   0, 0, 2.856,   0, 0, 0.147
302526, 779, 0.69,   0.688, 0.692, 0,   0.101, 0.18, 0
303057, 780, 3.464,   0, 3.464, 0,   0, 0.0865, 0
303404, 781, 6.355,   0, 6.353, 6.357,   0, 0.0881, 0.134
303667, 782, 3.063,   0, 0, 3.063,   0, 0, 0.0858
304444, 783, 3.537,   0, 0, 3.537,   0, 0, 0.145
304895, 784, 1.176,   0, 1.176, 0,   0, 0.0865, 0
304946, 785, 0.3987,   0, 0.3987, 0.3987,   0, 0.166, 0.17
304983, 786, 1.771,   0, 0, 1.771,   0, 0, 0.137
305478, 787, 1.811,   0, 0, 1.811,   0, 0, 0.348
305637, 788, 1.118,   0, 1.116, 1.12,   0, 0.0771, 0.0702
305998, 789, 0.998,   0.998, 0, 0,   0.176, 0, 0
306475, 790, 9.668,   0, 0, 9.668,   0, 0, 0.0686
306611, 791, 10,   0, 10, 0,   0, 0.0912, 0
306723, 792, 2.488,   0, 2.488, 2.488,   0, 0.099, 0.186
307512, 793, 4.604,   0, 0, 4.604,   0, 0, 0.147
307547, 794, 2.74,   2.74, 0, 0,   0.0961, 0, 0
307776, 795, 2.036,   0, 0, 2.036,   0, 0, 0.108
307986, 796, 3.117,   0, 3.117, 3.117,   0, 0.219, 0.105
308259, 797, 2.48,   0, 2.48, 0,   0, 0.358, 0
308924, 798, 0.832,   0, 0.832, 0.832,   0, 0.169, 0.159
308987, 799, 2.34,   0, 2.34, 2.34,   0, 0.0912, 0.0811
309104, 800, 0.768,   0, 0.768, 0,   0, 0.121, 0
309402, 801, 1.936,   0, 0, 1.936,   0, 0, 0.192
310942, 802, 3.616,   0, 3.616, 0,   0, 0.0818, 0
311006, 803, 2.858,   0, 2.856, 2.86,   0, 0.0818, 0.0827
311221, 804, 0.884,   0.884, 0.884, 0.884,   0.0945, 0.102, 0.101
311404, 805, 0.264,   0, 0.264, 0.264,   0, 0.135, 0.119
311801, 806, 0.716,   0, 0, 0.716,   0, 0, 0.178
311904, 807, 0.456,   0, 0, 0.456,   0, 0, 0.0968
311963, 808, 1.056,   0, 0, 1.056,   0, 0, 0.111
312074, 809, 0.404,   0, 0.404, 0,   0, 0.127, 0
312589, 810, 0.552,   0, 0, 0.552,   0, 0, 0.172
312878, 811, 4.679,   0, 4.677, 4.681,   0, 0.141, 0.116
313315, 812, 2.38,   0, 0, 2.38,   0, 0, 0.163
313763, 813, 3.74,   0, 0, 3.74,   0, 0, 0.078
314187, 814, 2.06,   0, 0, 2.06,   0, 0, 0.348
315254, 815, 1.405,   0, 0, 1.405,   0, 0, 0.119
315879, 816, 1.764,   1.764, 1.764, 0,   0.137, 0.101, 0
317027, 817, 0.4773,   0, 0, 0.4773,   0, 0, 0.106
317094, 818, 0.436,   0, 0, 0.436,   0, 0, 0.233
317884, 819, 0.768,   0, 0.768, 0.768,   0, 0.149, 0.101
318027, 820, 0.822,   0, 0, 0.822,   0, 0, 0.105
318088, 821, 2.102,   0, 2.102, 0,   0, 0.268, 0
318404, 822, 1.488,   1.488, 1.488, 0,   0.123, 0.108, 0
319058, 823, 1.352,   0, 0, 1.352,   0, 0, 0.0827
319314, 824, 1.568,   0, 0, 1.568,   0, 0, 0.0858
319574, 825, 0.412,   0, 0, 0.412,   0, 0, 0.12
320262, 826, 1.861,   0, 1.861, 1.861,   0, 0.0787, 0.144
321168, 827, 1.157,   0, 1.155, 1.159,   0, 0.0849, 0.0874
321505, 828, 2.156,   2.156, 0, 0,   0.182, 0, 0
321916, 829, 2.708,   2.708, 2.708, 0,   0.107, 0.0803, 0
322170, 830, 2.711,   2.711, 2.711, 0,   0.201, 0.0975, 0
324628, 831, 3.244,   0, 0, 3.244,   0, 0, 0.136
324806, 832, 0.962,   0.962, 0.962, 0,   0.109, 0.0959, 0
325003, 833, 2.272,   0, 2.272, 0,   0, 0.138, 0
325554, 834, 6.683,   0, 0, 6.683,   0, 0, 0.125
326282, 835, 0.9,   0.9, 0, 0,   0.131, 0, 0
326389, 836, 6.552,   6.552, 6.552, 6.552,   0.0992, 0.0896, 0.078
326454, 837, 2.959,   0, 0, 2.959,   0, 0, 0.0843
327288, 838, 1.572,   0, 0, 1.572,   0, 0, 0.348
327452, 839, 1.019,   0, 0, 1.019,   0, 0, 0.133
327836, 840, 0.26,   0, 0.26, 0.26,   0, 0.0912, 0.105
328106, 841, 0.512,   0, 0, 0.512,   0, 0, 0.0937
328570, 842, 0.6147,   0, 0, 0.6147,   0, 0, 0.133
329346, 843, 1.248,   0, 1.248, 1.248,   0, 0.0849, 0.0796
329591, 844, 3.732,   0, 3.732, 0,   0, 0.358, 0
329610, 845, 0.17,   0, 0, 0.17,   0, 0, 0.346
329671, 846, 0.598,   0, 0.6, 0.596,   0, 0.163, 0.123
331493, 847, 0.628,   0.628, 0, 0,   0.276, 0, 0
332120, 848, 0.6947,   0, 0.6947, 0.6947,   0, 0.226, 0.217
332574, 849, 2.877,   0, 2.877, 0,   0, 0.0865, 0
332640, 850, 0.26,   0, 0.26, 0,   0, 0.229, 0
333212, 851, 2.112,   0, 0, 2.112,   0, 0, 0.0796
333236, 852, 8.206,   8.206, 8.206, 0,   0.0867, 0.0834, 0
333446, 853, 1.464,   0, 0, 1.464,   0, 0, 0.112
333474, 854, 0.4667,   0, 0, 0.4667,   0, 0, 0.0827
334012, 855, 0.34,   0.34, 0, 0.34,   0.0961, 0, 0.127
334367, 856, 1.439,   0, 1.439, 1.439,   0, 0.133, 0.205
334662, 857, 1.316,   0, 0, 1.316,   0, 0, 0.17
335217, 858, 0.204,   0, 0, 0.204,   0, 0, 0.192
335726, 859, 4.236,   0, 4.236, 0,   0, 0.198, 0
335777, 860, 10.38,   0, 10.38, 0,   0, 0.099, 0
336774, 861, 5.04,   5.04, 5.04, 5.04,   0.168, 0.113, 0.123
336999, 862, 3.028,   0, 3.028, 0,   0, 0.219, 0
337029, 863, 0.888,   0, 0, 0.888,   0, 0, 0.203
337454, 864, 0.552,   0, 0, 0.552,   0, 0, 0.125
338560, 865, 0.968,   0.968, 0, 0,   0.0977, 0, 0
339672, 866, 0.624,   0, 0.624, 0,   0, 0.13, 0
341338, 867, 5.724,   0, 0, 5.724,   0, 0, 0.0827
341350, 868, 1.064,   0, 0, 1.064,   0, 0, 0.0843
341667, 869, 2.622,   0, 2.622, 0,   0, 0.0787, 0
341682, 870, 3.104,   3.104, 3.104, 3.104,   0.104, 0.0771, 0.0686
341978, 871, 4.284,   0, 0, 4.284,   0, 0, 0.0952
342185, 872, 1.8,   0, 0, 1.8,   0, 0, 0.119
343215, 873, 2.568,   2.568, 2.568, 0,   0.113, 0.121, 0
343458, 874, 7.284,   0, 7.284, 0,   0, 0.13, 0
343504, 875, 0.632,   0, 0, 0.632,   0, 0, 0.156
344383, 876, 2.12,   0, 2.12, 0,   0, 0.0928, 0
345160, 877, 3.116,   3.116, 3.116, 3.116,   0.101, 0.119, 0.078
345244, 878, 3.026,   0, 3.028, 3.024,   0, 0.0975, 0.12
345320, 879, 0.7173,   0, 0, 0.7173,   0, 0, 0.152
345487, 880, 4.137,   4.136, 4.14, 4.136,   0.0945, 0.0787, 0.0796
345509, 881, 0.456,   0.456, 0.456, 0,   0.12, 0.16, 0
345871, 882, 1.043,   0, 1.043, 0,   0, 0.0928, 0
345961, 883, 1.045,   1.045, 0, 1.045,   0.204, 0, 0.0968
346467, 884, 6.24,   0, 6.24, 0,   0, 0.358, 0
346481, 885, 1.127,   0, 0, 1.127,   0, 0, 0.142
346787, 886, 0.304,   0, 0.304, 0.304,   0, 0.101, 0.109
347018, 887, 0.792,   0.792, 0.792, 0,   0.137, 0.255, 0
347818, 888, 4.196,   4.196, 4.196, 0,   0.127, 0.157, 0
348015, 889, 3.82,   0, 0, 3.82,   0, 0, 0.159
349042, 890, 1.676,   0, 0, 1.676,   0, 0, 0.142
349232, 891, 2.208,   2.208, 2.208, 0,   0.0851, 0.11, 0
350139, 892, 0.498,   0.496, 0.5, 0,   0.176, 0.166, 0
350667, 893, 1.472,   1.472, 1.472, 1.472,   0.148, 0.137, 0.137
350709, 894, 3.911,   3.912, 3.908, 3.912,   0.0789, 0.0975, 0.108
350901, 895, 2.872,   0, 2.872, 2.872,   0, 0.104, 0.144
351584, 896, 1.072,   1.072, 1.072, 0,   0.167, 0.113, 0
352324, 897, 3.88,   3.88, 3.88, 0,   0.126, 0.166, 0
352361, 898, 1.222,   1.224, 1.22, 0,   0.116, 0.127, 0
353234, 899, 0.5907,   0, 0, 0.5907,   0, 0, 0.155
353465, 900, 1.724,   1.724, 1.724, 0,   0.101, 0.298, 0
353935, 901, 1.335,   0, 1.335, 1.335,   0, 0.0771, 0.119
354051, 902, 0.344,   0, 0.344, 0.344,   0, 0.287, 0.133
354286, 903, 0.648,   0, 0, 0.648,   0, 0, 0.188
354439, 904, 0.3427,   0, 0, 0.3427,   0, 0, 0.122
355620, 905, 10.04,   10.04, 10.04, 0,   0.121, 0.268, 0
355649, 906, 0.264,   0, 0.264, 0,   0, 0.0959, 0
355697, 907, 11.17,   11.17, 11.17, 11.17,   0.0836, 0.182, 0.0764
356179, 908, 2.786,   2.784, 2.788, 0,   0.0867, 0.0959, 0
356516, 909, 0.512,   0, 0.512, 0,   0, 0.173, 0
356658, 910, 0.272,   0.272, 0.272, 0,   0.12, 0.166, 0
357088, 911, 0.408,   0, 0, 0.408,   0, 0, 0.0952
357453, 912, 1.007,   0, 0, 1.007,   0, 0, 0.137
357631, 913, 1.272,   0, 0, 1.272,   0, 0, 0.101
358248, 914, 0.9173,   0, 0.9173, 0,   0, 0.13, 0
358923, 915, 0.714,   0, 0.714, 0,   0, 0.108, 0
359682, 916, 0.768,   0, 0, 0.768,   0, 0, 0.0937
360088, 917, 1.9,   1.9, 0, 0,   0.101, 0, 0
360316, 918, 0.8,   0.8, 0.8, 0,   0.162, 0.358, 0
363074, 919, 0.832,   0, 0.832, 0,   0, 0.155, 0
363138, 920, 1.764,   0, 0, 1.764,   0, 0, 0.348
363637, 921, 0.47,   0, 0.47, 0.47,   0, 0.14, 0.122
364028, 922, 2.744,   0, 0, 2.744,   0, 0, 0.0827
364593, 923, 1.576,   0, 1.576, 0,   0, 0.287, 0
365147, 924, 1.588,   0, 0, 1.588,   0, 0, 0.222
365655, 925, 4.36,   4.36, 0, 0,   0.0773, 0, 0
365715, 926, 0.282,   0, 0.282, 0,   0, 0.112, 0
366000, 927, 2.698,   0, 2.696, 2.7,   0, 0.0709, 0.0858
366122, 928, 0.836,   0, 0, 0.836,   0, 0, 0.169
366645, 929, 2.11,   2.11, 2.11, 0,   0.237, 0.171, 0
366813, 930, 0.26,   0, 0, 0.26,   0, 0, 0.141
367203, 931, 4.552,   4.552, 4.552, 4.552,   0.129, 0.107, 0.0921
367305, 932, 0.412,   0.412, 0.412, 0.412,   0.0804, 0.169, 0.112
367463, 933, 2.022,   0, 2.022, 0,   0, 0.229, 0
367921, 934, 1.496,   1.496, 0, 0,   0.116, 0, 0
368068, 935, 3.424,   3.424, 0, 3.424,   0.0898, 0, 0.0937
368726, 936, 0.892,   0, 0.892, 0,   0, 0.316, 0
368908, 937, 6.647,   0, 6.647, 0,   0, 0.19, 0
369346, 938, 3.04,   3.04, 0, 0,   0.223, 0, 0
369864, 939, 13.32,   0, 0, 13.32,   0, 0, 0.0764
369924, 940, 0.6133,   0.612, 0.616, 0.612,   0.115, 0.0928, 0.112
370010, 941, 2.644,   2.644, 2.644, 0,   0.0804, 0.099, 0
371408, 942, 10.66,   10.66, 0, 10.66,   0.0695, 0, 0.0937
371692, 943, 0.38,   0, 0, 0.38,   0, 0, 0.186
371714, 944, 0.246,   0.246, 0, 0,   0.157, 0, 0
372512, 945, 1.708,   1.708, 0, 0,   0.184, 0, 0
373012, 946, 4.8,   4.8, 4.8, 0,   0.0773, 0.0928, 0
373121, 947, 1.074,   1.076, 1.072, 0,   0.132, 0.149, 0
373341, 948, 1.303,   1.303, 1.303, 1.303,   0.0945, 0.0959, 0.111
373390, 949, 1.092,   1.092, 1.092, 1.092,   0.143, 0.0756, 0.114
373497, 950, 0.236,   0.236, 0, 0,   0.176, 0, 0
373650, 951, 0.298,   0.3, 0, 0.296,   0.101, 0, 0.152
374274, 952, 1.016,   0, 0, 1.016,   0, 0, 0.117
374831, 953, 9.565,   9.565, 9.565, 0,   0.269, 0.0865, 0
375166, 954, 1.172,   0, 0, 1.172,   0, 0, 0.0843
375454, 955, 3.216,   0, 0, 3.216,   0, 0, 0.0984
375946, 956, 0.332,   0.332, 0.332, 0,   0.0945, 0.198, 0
376279, 957, 4.388,   0, 0, 4.388,   0, 0, 0.101
376972, 958, 1.324,   1.323, 1.323, 1.327,   0.146, 0.116, 0.105
377861, 959, 0.568,   0, 0, 0.568,   0, 0, 0.141
378193, 960, 0.662,   0, 0.66, 0.664,   0, 0.133, 0.117
378386, 961, 3.402,   3.404, 3.4, 0,   0.145, 0.113, 0
378453, 962, 2.725,   0, 0, 2.725,   0, 0, 0.228
379142, 963, 2.832,   0, 2.832, 2.832,   0, 0.196, 0.225
381032, 964, 0.8187,   0.8187, 0.8187, 0.8187,   0.16, 0.121, 0.239
381528, 965, 3.808,   0, 0, 3.808,   0, 0, 0.224
381877, 966, 3.344,   0, 3.344, 0,   0, 0.132, 0
382178, 967, 3.625,   0, 0, 3.625,   0, 0, 0.164
382195, 968, 2.067,   2.067, 2.067, 0,   0.102, 0.102, 0
382210, 969, 5.28,   5.28, 5.28, 5.28,   0.101, 0.0865, 0.136
382967, 970, 6.618,   6.62, 6.616, 0,   0.0757, 0.0959, 0
383087, 971, 3.11,   0, 3.11, 0,   0, 0.335, 0
383749, 972, 1.48,   0, 0, 1.48,   0, 0, 0.148
384003, 973, 2.028,   2.028, 0, 0,   0.0883, 0, 0
384271, 974, 2.6,   0, 2.6, 0,   0, 0.194, 0
384359, 975, 4.92,   0, 4.92, 0,   0, 0.358, 0
384646, 976, 1.555,   1.555, 1.555, 0,   0.11, 0.129, 0
385494, 977, 6.353,   0, 0, 6.353,   0, 0, 0.213
385717, 978, 2.669,   0, 2.671, 2.667,   0, 0.129, 0.0952
386216, 979, 0.278,   0, 0, 0.278,   0, 0, 0.112
386509, 980, 1.423,   0, 0, 1.423,   0, 0, 0.233
386551, 981, 7.556,   7.556, 0, 0,   0.0726, 0, 0
386858, 982, 1.104,   0, 0, 1.104,   0, 0, 0.156
387018, 983, 0.304,   0, 0, 0.304,   0, 0, 0.239
387284, 984, 0.512,   0, 0, 0.512,   0, 0, 0.314
388167, 985, 0.614,   0, 0.612, 0.616,   0, 0.137, 0.164
388358, 986, 2.172,   0, 0, 2.172,   0, 0, 0.106
389405, 987, 0.466,   0.466, 0.466, 0,   0.101, 0.11, 0
389498, 988, 3.352,   3.352, 3.352, 3.352,   0.294, 0.113, 0.145
390916, 989, 3.602,   0, 3.604, 3.6,   0, 0.11, 0.13
391424, 990, 1.412,   0, 0, 1.412,   0, 0, 0.106
391448, 991, 1.553,   1.556, 1.552, 1.552,   0.0992, 0.0865, 0.0843
391815, 992, 0.7707,   0, 0, 0.7707,   0, 0, 0.12
392838, 993, 1.362,   1.364, 1.36, 0,   0.113, 0.101, 0
393032, 994, 0.296,   0, 0.296, 0,   0, 0.243, 0
394062, 995, 10.67,   10.67, 0, 10.67,   0.082, 0, 0.0686
394401, 996, 1.014,   0, 0, 1.014,   0, 0, 0.0858
# pulseFilter Summary: last evNR 1279199, Nval, Nacc, Nacc2, Nacc3: 576324, 396007, 153524, 242483
#                       996 double pulses
